0110221208
0110222183
0110224003
0110224004
0110224005
0110224007
0110224008
0110224010
0110224011
0110224014
0110224016
0110224018
0110224022
0110224023
0110224024
0110224025
0110224027
0110224028
0110224029
0110224030
0110224035
0110224036
0110224038
0110224039
0110224041
0110224042
0110224045
0110224046
0110224047
0110224048
0110224049
0110224050
0110224052
0110224058
0110224059
0110224060
0110224061
0110224062
0110224063
0110224064
0110224065
0110224066
0110224069
0110224071
0110224072
0110224075
0110224076
0110224077
0110224080
0110224081
0110224083
0110224084
0110224085
0110224088
0110224089
0110224090
0110224091
0110224093
0110224095
0110224096
0110224100
0110224104
0110224106
0110224110
0110224111
0110224112
0110224113
0110224114
0110224116
0110224117
0110224118
0110224120
0110224123
0110224128
0110224129
0110224130
0110224133
0110224134
0110224143
0110224150
0110224152
0110224153
0110224154
0110224155
0110224157
0110224158
0110224163
0110224164
0110224166
0110224167
0110224168
0110224172
0110224174
0110224176
0110224177
0110224180
0110224181
0110224184
0110224185
0110224186
0110224187
0110224188
0110224189
0110224191
0110224193
0110224195
0110224197
0110224200
0110224204
0110224205
0110224206
0110224207
0110224209
0110224211
0110224217
0110224219
0110224220
0110224223
0110224225
0110224228
0110224231
0110224232
0110224235
0110224237
0110224238
0110224239
0110224240
0110224241